0 1 0 5645.19 63.9858
0 2 0 5503.75 64.0114
0 3 0 8152.66 78.098
0 4 0 6805.72 75.4183
0 5 0 8451.27 134.732
0 1 1 2157.7 41.4166
0 2 1 1849.07 39.0786
0 3 1 2441.79 44.664
0 4 1 2323.02 50.0689
0 5 1 2807.89 83.6337
0 1 2 2553.13 47.2471
0 2 2 2553.13 45.2023
0 3 2 3597.57 53.5845
0 4 2 3371.37 57.3782
0 5 2 4202.37 100.322
0 1 3 3208.06 49.7964
0 2 3 3187.55 49.9136
0 3 3 4934.7 62.4524
0 4 3 4333.37 63.7667
0 5 3 5185.16 108.525
0 1 4 2353.69 43.1542
0 2 4 2180.31 42.0806
0 3 4 3231.56 51.0055
0 4 4 2902.84 54.6614
0 5 4 3339.65 90.0464
0 1 5 11617 89.9148
0 2 5 11700.2 90.7807
0 3 5 22140.2 127.169
0 4 5 19980.7 121.144
0 5 5 27079.6 228.951
0 1 6 3193.71 49.3658
0 2 6 2789.2 46.788
0 3 6 4190.17 57.647
0 4 6 4003.27 61.535
0 5 6 4885.36 106.774
0 1 7 4362.76 56.9666
0 2 7 4294.4 57.289
0 3 7 6146.73 68.7086
0 4 7 5386.64 71.0341
0 5 7 7246.95 130.268
0 1 8 3035.5 47.8295
0 2 8 2742.46 46.6823
0 3 8 4201.74 57.9409
0 4 8 4062.05 61.1004
0 5 8 5083.54 106.929
0 1 9 1752.09 37.896
0 2 9 1654.98 37.6596
0 3 9 2247.85 43.785
0 4 9 2184.03 50.1916
0 5 9 2841.65 89.1308
0 1 10 2601.12 45.3956
0 2 10 2409.46 44.3403
0 3 10 4022.25 57.0324
0 4 10 3790.9 61.1821
0 5 10 4689.89 106.733
0 1 11 1904.98 39.6464
0 2 11 1807.44 38.7524
0 3 11 2963.52 49.2519
0 4 11 3005.39 55.0001
0 5 11 3650.59 94.8883
0 1 12 3984.94 56.3753
0 2 12 3913.8 56.8269
0 3 12 5412.73 68.326
0 4 12 4753.85 66.0855
0 5 12 6073.82 122.749
0 1 13 16220 115.132
0 2 13 16773 120.193
0 3 13 31562.2 167.606
0 4 13 24944.2 178.979
0 5 13 29215.1 234.112
0 1 14 2012.94 40.4018
0 2 14 2110.61 41.2748
0 3 14 3073.43 50.2681
0 4 14 2597.41 52.4624
0 5 14 2595.78 80.7664
0 1 15 12336.8 93.2811
0 2 15 12269.8 94.304
0 3 15 24137.8 132.779
0 4 15 20835.2 126.3
0 5 15 21432.1 210.084
0 1 16 17754.1 111.863
0 2 16 17481.8 112.507
0 3 16 27541.3 142.248
0 4 16 27880.4 145
0 5 16 33931.2 265.648
0 1 17 13920.9 101.29
0 2 17 13992.1 102.404
0 3 17 24266.5 140.905
0 4 17 25651.4 142.134
0 5 17 29951.5 263.419
0 1 18 2365.45 44.229
0 2 18 2208.8 43.0625
0 3 18 3671.91 54.91
0 4 18 4539.57 65.7774
0 5 18 4297.69 101.65
0 1 19 3480.18 52.1396
0 2 19 3539.63 52.7141
0 3 19 5047.6 63.1088
0 4 19 4670.8 65.7341
0 5 19 4869.6 105.52
1 1 0 6023.37 60.4504
1 2 0 5832.4 60.2718
1 3 0 10064.6 80.9746
1 4 0 7555.77 74.2529
1 5 0 10037.7 115.085
1 1 1 2043.64 34.3486
1 2 1 2121.16 35.5873
1 3 1 3938.41 48.2715
1 4 1 3213.6 49.8813
1 5 1 3996.61 71.8912
1 1 2 2963.7 38.179
1 2 2 3193.27 40.0395
1 3 2 5396.9 52.0612
1 4 2 4054.18 50.214
1 5 2 5415.01 76.9026
1 1 3 3414.52 44.2221
1 2 3 3414.92 42.4406
1 3 3 5995.46 56.359
1 4 3 4407.2 56.4541
1 5 3 5729.2 83.1609
1 1 4 2465.46 40.9512
1 2 4 2590.94 40.1211
1 3 4 4366.89 52.5919
1 4 4 3119.19 53.8451
1 5 4 4245.9 78.8
1 1 5 12063.5 77.0229
1 2 5 12857.5 78.5632
1 3 5 26079.7 113.325
1 4 5 20987.9 104.217
1 5 5 27931.2 167.978
1 1 6 3150.73 39.7226
1 2 6 3244 40.5607
1 3 6 5522.56 52.9031
1 4 6 5187.67 56.9926
1 5 6 6330.72 84.8462
1 1 7 5053.7 54.0645
1 2 7 4515.73 47.763
1 3 7 7967.68 66.6736
1 4 7 6199.05 67.0119
1 5 7 8170.63 103.251
1 1 8 3232.65 42.6858
1 2 8 2923.04 39.2933
1 3 8 5594.35 54.8345
1 4 8 4342.81 54.2937
1 5 8 5575.89 81.9054
1 1 9 1952.35 31.69
1 2 9 1771.97 30.9672
1 3 9 2863.83 39.4166
1 4 9 2167.22 42.7188
1 5 9 3144.57 65.4069
1 1 10 2823.5 37.1788
1 2 10 2983.65 38.9472
1 3 10 5255.85 51.7026
1 4 10 3684.53 49.8137
1 5 10 4722.45 74.5578
1 1 11 2086.37 33.4732
1 2 11 2183.29 34.6378
1 3 11 4309.57 48.3868
1 4 11 3108.52 49.1407
1 5 11 4291.09 75.3008
1 1 12 4585.04 50.2371
1 2 12 4500.51 49.994
1 3 12 6977.15 62.7315
1 4 12 5260.71 61.2944
1 5 12 6612.95 93.0939
1 1 13 14305.8 99.7792
1 2 13 17786 110.766
1 3 13 33067.3 166.632
1 4 13 28881.3 146.473
1 5 13 29937.1 174.61
1 1 14 2199.49 34.9307
1 2 14 2069.32 34.2053
1 3 14 3349.39 43.322
1 4 14 3499.9 50.3927
1 5 14 3796.24 69.4442
1 1 15 11993.6 75.7022
1 2 15 12753.1 78.0053
1 3 15 26444.8 113.19
1 4 15 22566.5 108.689
1 5 15 30839.9 178.922
1 1 16 16596.9 89.7481
1 2 16 17105 89.4563
1 3 16 37791.4 134.07
1 4 16 24800.8 113.327
1 5 16 32484.9 182.392
1 1 17 13688.4 81.3217
1 2 17 15010.7 85.287
1 3 17 30565.3 124.046
1 4 17 24672.6 115.262
1 5 17 22382.4 155.949
1 1 18 2433.76 37.1511
1 2 18 2341.7 36.9505
1 3 18 4490.12 50.4773
1 4 18 3823.04 52.6349
1 5 18 4707.21 77.3807
1 1 19 4205.4 49.538
1 2 19 4234.44 50.0649
1 3 19 7487.24 67.2033
1 4 19 5913.06 68.354
1 5 19 7413.17 104.348
