 0 0 0  748.014771  2.29087305
 0 0 1  724.101196  10.4200697
 0 0 2  706.26532  9.84252262
 0 0 3  878.307617  10.9865704
 0 0 4  1029.90796  12.2581997
 0 0 5  767.861328  10.5097799
 0 0 6  729.974915  9.90257359
 0 0 7  741.629517  9.85951424
 0 0 8  766.701721  10.4860497
 0 0 9  722.048889  10.0168695
 0 0 10  643.736206  9.04609394
 0 0 11  758.69458  10.66049
 0 0 12  728.85083  10.2859297
 0 0 13  691.892273  10.0858498
 0 0 14  700.744873  10.13976
 0 0 15  708.029114  9.90953445
 0 0 16  702.292603  9.69255924
 0 0 17  760.79303  10.2473602
 0 0 18  757.937988  10.1501503
 0 0 19  745.998779  10.1545801
 0 0 20  710.46167  10.3160696
 0 1 0  752.703674  2.83047295
 0 1 1  773.841614  13.1329498
 0 1 2  736.402771  12.2870398
 0 1 3  782.802979  12.8535805
 0 1 4  796.386719  12.82827
 0 1 5  743.084717  12.5140305
 0 1 6  750.416626  12.3068705
 0 1 7  697.707886  11.9427795
 0 1 8  750.946777  12.6878796
 0 1 9  761.231018  12.7888298
 0 1 10  755.744995  12.9533005
 0 1 11  753.836914  12.7842398
 0 1 12  728.580383  12.4095697
 0 1 13  754.501221  12.63305
 0 1 14  710.102112  12.1265402
 0 1 15  717.002625  11.9666796
 0 1 16  755.809998  12.34233
 0 1 17  746.418274  12.5559301
 0 1 18  837.687622  14.3937702
 0 1 19  760.567688  12.9694595
 0 1 20  759.822571  13.1003904
 0 2 0  598.603577  2.25432801
 0 2 1  624.245117  10.5411301
 0 2 2  603.377014  9.98579884
 0 2 3  611.034424  10.0780802
 0 2 4  582.972412  9.85825634
 0 2 5  595.191284  9.93504524
 0 2 6  620.536804  10.2306404
 0 2 7  550.516479  9.56877422
 0 2 8  588.440613  10.0009003
 0 2 9  592.788574  9.89493847
 0 2 10  589.671509  10.2867098
 0 2 11  578.324219  9.98893929
 0 2 12  590.612305  9.77856255
 0 2 13  597.818726  10.0862703
 0 2 14  555.378906  9.69290447
 0 2 15  621.725281  10.1540899
 0 2 16  645.791077  10.4214096
 0 2 17  650.05957  10.4374199
 0 2 18  628.124573  10.67381
 0 2 19  584.796326  10.2312803
 0 2 20  561.635803  9.82307243
 0 3 0  866.765076  2.76038408
 0 3 1  932.321106  12.8943005
 0 3 2  894.676575  12.1212502
 0 3 3  936.010193  12.7968702
 0 3 4  952.393188  13.0895395
 0 3 5  834.547791  11.99578
 0 3 6  832.566711  11.7367697
 0 3 7  844.521912  11.93857
 0 3 8  815.22113  11.7434797
 0 3 9  803.529785  11.7144604
 0 3 10  817.322083  11.9180698
 0 3 11  824.928528  12.0726995
 0 3 12  827.061218  11.8600197
 0 3 13  831.221985  12.4942799
 0 3 14  774.624817  12.0931797
 0 3 15  823.528503  11.6627903
 0 3 16  924.19397  12.6388597
 0 3 17  1006.50702  13.3974895
 0 3 18  920.918884  13.5620003
 0 3 19  816.235779  11.9647198
 0 3 20  941.337524  13.4876499
 0 4 0  1835.54834  5.13853216
 0 4 1  1812.43298  23.1960793
 0 4 2  1917.34583  22.9175091
 0 4 3  1877.39758  23.3239708
 0 4 4  1822.31885  22.9108696
 0 4 5  1612.19775  21.1246395
 0 4 6  1588.05469  21.2615395
 0 4 7  1817.06372  22.3101406
 0 4 8  1949.41174  23.6494999
 0 4 9  1740.17639  22.4107704
 0 4 10  1851.74878  22.8584805
 0 4 11  1762.89453  22.3794899
 0 4 12  1865.66309  22.9219494
 0 4 13  1797.5354  23.2074699
 0 4 14  1835.93848  23.4299202
 0 4 15  1511.66321  20.0306702
 0 4 16  1924.46069  23.2803497
 0 4 17  2022.40564  24.1598492
 0 4 18  2041.06665  24.7296295
 0 4 19  2063.6814  25.6729298
 0 4 20  1966.47742  24.4123802
 0 5 0  1270.20703  3.36383295
 0 5 1  1244.71802  15.0590296
 0 5 2  1302.33301  14.8385696
 0 5 3  1271.78699  15.0552197
 0 5 4  1301.21997  15.3000097
 0 5 5  1173.72302  14.3168898
 0 5 6  1200.927  14.1246405
 0 5 7  1228.29297  14.3095903
 0 5 8  1325.69104  15.3138905
 0 5 9  1224.24402  14.6755505
 0 5 10  1205.57898  14.5187302
 0 5 11  1228.99597  14.9588604
 0 5 12  1256.76196  15.5061302
 0 5 13  1248.74597  14.8125896
 0 5 14  1293.51501  15.9293098
 0 5 15  1076.46301  13.7444496
 0 5 16  1330.18799  15.1128397
 0 5 17  1335.50305  15.1977797
 0 5 18  1475.297  16.8850899
 0 5 19  1405.771  16.0599308
 0 5 20  1303.96301  15.4773798
 0 6 0  0.  0.
 0 6 1  0.  0.
 0 6 2  0.  0.
 0 6 3  0.  0.
 0 6 4  0.  0.
 0 6 5  0.  0.
 0 6 6  0.  0.
 0 6 7  0.  0.
 0 6 8  0.  0.
 0 6 9  0.  0.
 0 6 10  0.  0.
 0 6 11  0.  0.
 0 6 12  0.  0.
 0 6 13  0.  0.
 0 6 14  0.  0.
 0 6 15  0.  0.
 0 6 16  0.  0.
 0 6 17  0.  0.
 0 6 18  0.  0.
 0 6 19  0.  0.
 0 6 20  0.  0.
 0 7 0  0.  0.
 0 7 1  0.  0.
 0 7 2  0.  0.
 0 7 3  0.  0.
 0 7 4  0.  0.
 0 7 5  0.  0.
 0 7 6  0.  0.
 0 7 7  0.  0.
 0 7 8  0.  0.
 0 7 9  0.  0.
 0 7 10  0.  0.
 0 7 11  0.  0.
 0 7 12  0.  0.
 0 7 13  0.  0.
 0 7 14  0.  0.
 0 7 15  0.  0.
 0 7 16  0.  0.
 0 7 17  0.  0.
 0 7 18  0.  0.
 0 7 19  0.  0.
 0 7 20  0.  0.
 0 8 0  0.  0.
 0 8 1  0.  0.
 0 8 2  0.  0.
 0 8 3  0.  0.
 0 8 4  0.  0.
 0 8 5  0.  0.
 0 8 6  0.  0.
 0 8 7  0.  0.
 0 8 8  0.  0.
 0 8 9  0.  0.
 0 8 10  0.  0.
 0 8 11  0.  0.
 0 8 12  0.  0.
 0 8 13  0.  0.
 0 8 14  0.  0.
 0 8 15  0.  0.
 0 8 16  0.  0.
 0 8 17  0.  0.
 0 8 18  0.  0.
 0 8 19  0.  0.
 0 8 20  0.  0.
 1 0 0  652.24292  1.74443305
 1 0 1  598.434082  7.88027477
 1 0 2  666.080811  7.90603781
 1 0 3  754.77063  8.26826382
 1 0 4  921.395386  9.38198853
 1 0 5  634.953003  7.62352419
 1 0 6  651.463379  7.61802292
 1 0 7  656.143188  7.73487091
 1 0 8  650.14917  7.74646091
 1 0 9  604.452393  7.44650221
 1 0 10  604.985291  7.47979212
 1 0 11  604.833679  7.52639389
 1 0 12  647.151123  7.86406708
 1 0 13  602.781006  7.56198788
 1 0 14  619.812622  7.82382107
 1 0 15  569.736328  7.16890478
 1 0 16  654.472778  7.49696684
 1 0 17  676.967102  8.14854527
 1 0 18  613.987488  7.43041086
 1 0 19  674.116699  7.93023586
 1 0 20  639.42627  7.88035202
 1 1 0  749.325378  2.12718606
 1 1 1  807.646973  10.5658302
 1 1 2  776.354309  9.78347397
 1 1 3  759.994629  9.37979126
 1 1 4  805.795715  9.81219578
 1 1 5  741.827087  9.57375622
 1 1 6  728.819214  9.25675964
 1 1 7  748.099792  9.47417259
 1 1 8  717.148621  9.82671928
 1 1 9  716.06781  9.55777168
 1 1 10  725.285583  9.80653095
 1 1 11  725.72467  9.2752409
 1 1 12  713.771301  9.28150463
 1 1 13  746.37262  9.5313549
 1 1 14  739.439087  9.43896484
 1 1 15  713.75238  8.96402264
 1 1 16  745.821899  8.93600464
 1 1 17  754.857727  9.1345377
 1 1 18  758.13562  9.37399673
 1 1 19  789.577881  9.6447897
 1 1 20  774.857117  9.91371822
 1 2 0  831.115906  2.28428602
 1 2 1  875.818481  11.3474998
 1 2 2  891.411682  10.8919497
 1 2 3  831.372375  10.16366
 1 2 4  845.803711  10.3898897
 1 2 5  897.491699  11.05826
 1 2 6  842.258789  10.4381104
 1 2 7  819.680603  9.86350727
 1 2 8  798.296387  9.7930212
 1 2 9  801.09082  10.0601101
 1 2 10  820.586121  10.1106796
 1 2 11  821.001099  10.1911097
 1 2 12  775.619324  9.81482029
 1 2 13  773.197571  9.78888035
 1 2 14  819.821472  10.1081696
 1 2 15  825.418579  9.9621706
 1 2 16  847.20282  9.98437977
 1 2 17  859.808716  10.1911402
 1 2 18  859.692627  10.23806
 1 2 19  829.86499  10.0933199
 1 2 20  802.742126  10.1264696
 1 3 0  1082.94202  2.38312197
 1 3 1  1182.96301  11.95889
 1 3 2  1164.16699  11.1435404
 1 3 3  1061.80396  10.4233799
 1 3 4  1117.15906  10.9305
 1 3 5  1140.52405  11.2259302
 1 3 6  1081.052  10.5838099
 1 3 7  1119.94495  10.61619
 1 3 8  1014.47498  10.1866102
 1 3 9  1034.42505  10.5515203
 1 3 10  1029.729  10.3727703
 1 3 11  1042.85803  10.2695999
 1 3 12  1041.53601  10.4320698
 1 3 13  1008.39001  10.2891598
 1 3 14  1011.12903  10.70292
 1 3 15  1006.78998  9.95943546
 1 3 16  1149.12305  10.5947104
 1 3 17  1118.41199  10.3485699
 1 3 18  1128.14099  10.5808697
 1 3 19  1178.36804  11.0881004
 1 3 20  1028.74194  11.1100197
 1 4 0  1729.56799  3.48276591
 1 4 1  1633.72205  16.1722908
 1 4 2  1658.80603  15.9221201
 1 4 3  1662.59802  14.8993597
 1 4 4  1797.18506  16.2218208
 1 4 5  1744.41699  16.7346001
 1 4 6  1633.98401  14.8329601
 1 4 7  1706.33203  14.8069096
 1 4 8  1703.672  15.5380898
 1 4 9  1789.79797  15.9063301
 1 4 10  1874.37  16.3465195
 1 4 11  1902.85205  16.5072708
 1 4 12  1775.83301  15.9070902
 1 4 13  1676.10498  15.3738804
 1 4 14  1677.88098  15.87008
 1 4 15  1677.75195  14.6692305
 1 4 16  1850.07202  15.4006996
 1 4 17  1670.84998  14.7551098
 1 4 18  1842.23401  15.6363096
 1 4 19  1531.16797  14.38239
 1 4 20  1782.00598  16.0307102
 1 5 0  1740.54797  3.32901812
 1 5 1  1828.55298  16.0895405
 1 5 2  1721.68298  14.72223
 1 5 3  1727.16602  14.4930296
 1 5 4  1644.62305  14.2334299
 1 5 5  1731.96204  16.1492195
 1 5 6  1695.49304  14.4924498
 1 5 7  1742.87  14.3857203
 1 5 8  1682.06799  14.85534
 1 5 9  1685.5  14.9252901
 1 5 10  1762.33997  15.2476397
 1 5 11  1778.55896  14.9601402
 1 5 12  1782.11304  15.3470802
 1 5 13  1617.88904  14.3570099
 1 5 14  1642.84302  15.1203899
 1 5 15  1740.75696  14.3089399
 1 5 16  1899.01099  15.0757904
 1 5 17  1673.61499  14.0273895
 1 5 18  1902.44897  14.9957304
 1 5 19  1683.91895  14.6666403
 1 5 20  1856.35095  15.6238804
 1 6 0  0.  0.
 1 6 1  0.  0.
 1 6 2  0.  0.
 1 6 3  0.  0.
 1 6 4  0.  0.
 1 6 5  0.  0.
 1 6 6  0.  0.
 1 6 7  0.  0.
 1 6 8  0.  0.
 1 6 9  0.  0.
 1 6 10  0.  0.
 1 6 11  0.  0.
 1 6 12  0.  0.
 1 6 13  0.  0.
 1 6 14  0.  0.
 1 6 15  0.  0.
 1 6 16  0.  0.
 1 6 17  0.  0.
 1 6 18  0.  0.
 1 6 19  0.  0.
 1 6 20  0.  0.
 1 7 0  0.  0.
 1 7 1  0.  0.
 1 7 2  0.  0.
 1 7 3  0.  0.
 1 7 4  0.  0.
 1 7 5  0.  0.
 1 7 6  0.  0.
 1 7 7  0.  0.
 1 7 8  0.  0.
 1 7 9  0.  0.
 1 7 10  0.  0.
 1 7 11  0.  0.
 1 7 12  0.  0.
 1 7 13  0.  0.
 1 7 14  0.  0.
 1 7 15  0.  0.
 1 7 16  0.  0.
 1 7 17  0.  0.
 1 7 18  0.  0.
 1 7 19  0.  0.
 1 7 20  0.  0.
 1 8 0  0.  0.
 1 8 1  0.  0.
 1 8 2  0.  0.
 1 8 3  0.  0.
 1 8 4  0.  0.
 1 8 5  0.  0.
 1 8 6  0.  0.
 1 8 7  0.  0.
 1 8 8  0.  0.
 1 8 9  0.  0.
 1 8 10  0.  0.
 1 8 11  0.  0.
 1 8 12  0.  0.
 1 8 13  0.  0.
 1 8 14  0.  0.
 1 8 15  0.  0.
 1 8 16  0.  0.
 1 8 17  0.  0.
 1 8 18  0.  0.
 1 8 19  0.  0.
 1 8 20  0.  0.
